**********************************************************************
* Non-zero exchange coefficients between PLANAR boxes of the regional
* model for every PLANAR layer.
**********************************************************************
1						k, Number of the LAYER
178          			Non_nuls  Quantity of non-zero coefficients
N of the initial PLANAR box 	N of the terminal PLANAR box   Exchange(km3/y)
           1           2   72000.00    
           2           1   72270.00    
           2           3   200.0000    
           3           2   735.0000    
           4           3   435.0000    
           4           5   7266.272    
           4           6   1270.791    
           4           7   1557.955    
           5           4   851.1265    
           5           8   2549.060    
           5           9   3799.923    
           5          10   3810.312    
           5          11   449.3507    
           6           4   4858.655    
           6           7   3670.192    
           6          33   4721.700    
           7           4   4452.737    
           7           6   3611.958    
           7           8   2615.345    
           7          32   2283.269    
           8           5   1995.767    
           8           7   3783.220    
           8           9   3161.613    
           8          31   1856.372    
           9           5   1178.798    
           9           8   3107.393    
           9          10   4678.167    
           9          30   2002.205    
          10           5   909.5078    
          10           9   2027.406    
          10          11   7786.728    
          10          29   1498.921    
          11           5   109.4295    
          11          10   1258.025    
          11          12   7142.748    
          11          28   2500.890    
          12          11   1074.889    
          12          13   7007.615    
          12          27   2170.944    
          13          12   1032.102    
          13          14   2378.319    
          13          15   4987.897    
          13          26   2517.325    
          14          13   1080.790    
          14          15   1342.462    
          14          17   3709.242    
          15          13   1457.729    
          15          14   2777.893    
          15          16   4172.370    
          15          25   1893.998    
          16          15   2001.270    
          16          17   2003.800    
          16          18   3594.843    
          16          24   2849.583    
          17          14   976.2822    
          17          16   2313.760    
          17          18   2418.114    
          17          20   4780.382    
          18          16   2347.012    
          18          17   2359.270    
          18          19   3064.195    
          18          23   3154.450    
          19          18   3432.853    
          19          20   2647.538    
          19          21   2903.438    
          19          22   2952.250    
          20          17   2416.226    
          20          19   2803.433    
          20          21   6117.982    
          21          19   4312.635    
          21          20   3909.720    
          21          22   1519.067    
          22          19   1755.819    
          22          21   720.0018    
          22          23   4292.290    
          22          43   124.7488    
          23          18   1479.115    
          23          22   2373.365    
          23          24   4125.078    
          23          43   3348.020    
          24          16   1616.353    
          24          23   2497.619    
          24          25   3470.282    
          24          43   3213.958    
          25          15   1970.360    
          25          24   2302.727    
          25          26   3264.567    
          25          42   2407.189    
          26          13   1369.509    
          26          25   2524.800    
          26          27   4252.652    
          26          41   1845.204    
          27          12   2078.599    
          27          26   1735.329    
          27          28   4570.400    
          27          40   2295.520    
          28          11   1700.125    
          28          27   2233.757    
          28          29   5964.772    
          28          39   1153.417    
          29          10   2476.057    
          29          28   1321.149    
          29          30   6511.435    
          29          38   1635.500    
          30           9   1977.620    
          30          29   1330.829    
          30          31   5685.740    
          30          37   3042.350    
          31           8   2525.175    
          31          30   1517.584    
          31          32   6095.130    
          31          36   3398.475    
          32           7   3951.942    
          32          31   1120.358    
          32          33   8367.883    
          32          35   884.1750    
          33           6   8367.798    
          33          32   4816.018    
          33          34   303.7513    
          34          33   397.9825    
          34          35   347.4025    
          35          32   1129.943    
          35          34   441.6338    
          35          36   886.3980    
          35          44   350.2332    
          36          31   4873.893    
          36          35   1274.141    
          36          37   4066.853    
          36          45   505.0015    
          37          30   2005.315    
          37          36   5897.665    
          37          38   2929.577    
          37          46   570.9565    
          38          29   3149.617    
          38          37   3671.988    
          38          39   1349.996    
          38          47   821.3415    
          39          28   2659.635    
          39          38   3634.137    
          39          40   293.4370    
          39          47   303.9335    
          40          27   2022.494    
          40          39   4028.405    
          40          41   1418.282    
          41          26   2474.944    
          41          40   4880.225    
          41          42   1389.992    
          42          25   2055.761    
          42          41   5481.675    
          42          43   1570.018    
          42          50   114.0000    
          43          22   48.17617    
          43          23   1381.220    
          43          24   1520.826    
          43          42   5306.522    
          44          35   302.4893    
          44          45   1608.110    
          45          36   537.3492    
          45          44   1214.734    
          45          46   657.3317    
          45          48   415.1639    
          46          37   622.3253    
          46          45   591.1845    
          46          47   800.4060    
          46          48   189.1917    
          47          38   793.7277    
          47          39   359.3247    
          47          46   789.2080    
          47          48   38.59215    
          48          45   415.7672    
          48          46   185.6112    
          48          47   55.17183    
          48          49   12.00000    
          49          48   64.60000    
          50          42   129.0000    
          51          49   52.60000    
          52          44   202.4000    
          53          50   15.00000    
_____________________________________________________________________
2						k, Number of the  LAYER
149 						Non_nuls  Quantity of non-zero coefficients
N of the initial PLANAR box 	N of the terminal PLANAR box   Exchange(km3/y)
           3           4   165.0000    
           4           5   21798.82    
           4           6   3812.374    
           4           7   4673.865    
           5           4   2553.380    
           5           8   7647.180    
           5           9   11399.77    
           5          10   11430.94    
           5          11   1348.052    
           6           4   14575.96    
           6           7   11010.58    
           6          33   14165.10    
           7           4   13358.21    
           7           6   10835.87    
           7           8   7846.035    
           7          32   6849.808    
           8           5   5987.300    
           8           7   11349.66    
           8           9   9484.838    
           8          31   5569.116    
           9           5   3536.394    
           9           8   9322.178    
           9          10   14034.50    
           9          30   6006.614    
          10           5   2728.523    
          10           9   6082.220    
          10          11   23360.18    
          10          29   4496.763    
          11           5   328.2886    
          11          10   3774.074    
          11          12   21428.24    
          11          28   7502.670    
          12          11   3224.667    
          12          13   21022.85    
          12          27   6512.832    
          13          12   3096.307    
          13          14   7134.957    
          13          15   14963.69    
          13          26   7551.975    
          14          13   3242.369    
          14          15   4027.387    
          14          17   11127.73    
          15          13   4373.187    
          15          14   8333.678    
          15          16   12517.11    
          15          25   5681.995    
          16          15   6003.810    
          16          17   6011.401    
          16          18   10784.53    
          16          24   8548.748    
          17          14   2928.847    
          17          16   6941.281    
          17          18   7254.341    
          17          20   14341.15    
          18          16   7041.036    
          18          17   7077.810    
          18          19   9192.585    
          18          23   9463.350    
          19          18   10298.56    
          19          20   7942.613    
          19          21   8710.312    
          19          22   8856.750    
          20          17   7248.679    
          20          19   8410.298    
          20          21   18353.95    
          21          19   12937.90    
          21          20   11729.16    
          21          22   4557.200    
          22          19   5267.456    
          22          21   2160.005    
          22          23   12876.87    
          22          43   374.2464    
          23          18   4437.345    
          23          22   7120.096    
          23          24   12375.23    
          23          43   10044.06    
          24          16   4849.059    
          24          23   7492.856    
          24          25   10410.85    
          24          43   9641.873    
          25          15   5911.080    
          25          24   6908.181    
          25          26   9793.702    
          25          42   7221.568    
          26          13   4108.527    
          26          25   7574.400    
          26          27   12757.96    
          26          41   5535.611    
          27          12   6235.797    
          27          26   5205.988    
          27          28   13711.20    
          27          40   6886.559    
          28          11   5100.374    
          28          27   6701.272    
          28          29   17894.32    
          28          39   3460.250    
          29          10   7428.171    
          29          28   3963.447    
          29          30   19534.30    
          29          38   4906.500    
          30           9   5932.858    
          30          29   3992.487    
          30          31   17057.22    
          30          37   9127.051    
          31           8   7575.525    
          31          30   4552.753    
          31          32   18285.39    
          31          36   10195.43    
          32           7   11855.83    
          32          31   3361.075    
          32          33   25103.65    
          32          35   2652.525    
          33           6   25103.39    
          33          32   14448.05    
          35          32   3389.831    
          35          36   2659.194    
          36          31   14621.68    
          36          35   3822.424    
          36          37   12200.56    
          37          30   6015.946    
          37          36   17693.00    
          37          38   8788.732    
          37          46   1712.869    
          38          29   9448.853    
          38          37   11015.96    
          38          39   4049.987    
          38          47   2464.024    
          39          28   7978.905    
          39          38   10902.41    
          39          40   880.3110    
          39          47   911.8005    
          40          27   6067.482    
          40          39   12085.21    
          40          41   4254.848    
          41          26   7424.832    
          41          40   14640.68    
          41          42   4169.977    
          42          25   6167.284    
          42          41   16445.02    
          42          43   4710.053    
          43          22   144.5285    
          43          23   4143.660    
          43          24   4562.478    
          43          42   15919.57    
          46          37   1866.976    
          46          47   2401.218    
          47          38   2381.183    
          47          39   1077.974    
          47          46   2367.624    
_____________________________________________________________________
3						k, Number of the  LAYER
126 						Non_nuls  Quantity of non-zero coefficients
N of the initial PLANAR box 	N of the terminal PLANAR box   Exchange(km3/y)
           4           5   52843.50    
           4           6   23792.36    
           4           7   15554.14    
           5           4   14710.75    
           5           8   27421.14    
           5           9   37161.44    
           5          10   32330.80    
           5          11   1122.136    
           6           4   31368.78    
           6           7   75786.55    
           7           4   46110.48    
           7           6   83362.97    
           7           8   37637.33    
           7          32   14127.37    
           8           5   27999.45    
           8           7   53627.74    
           8           9   36840.14    
           8          31   24284.96    
           9           5   17828.82    
           9           8   46970.38    
           9          10   50038.95    
           9          30   25552.76    
          10           5   13507.36    
          10           9   37086.77    
          10          11   75696.95    
          10          29   20048.45    
          11           5   567.1228    
          11          10   25713.79    
          11          12   58516.39    
          11          28   39675.19    
          12          11   20545.31    
          12          13   59123.32    
          12          27   36056.24    
          13          12   21775.03    
          13          14   20588.59    
          13          15   47326.29    
          13          26   37078.09    
          14          13   14119.24    
          14          15   36490.71    
          14          17   34676.94    
          15          13   28714.56    
          15          14   46944.04    
          15          16   49535.18    
          15          25   29032.01    
          16          15   40232.03    
          16          17   27880.66    
          16          18   48065.21    
          16          24   34754.77    
          17          14   17754.26    
          17          16   37217.23    
          17          18   29631.04    
          17          20   44866.68    
          18          16   34438.62    
          18          17   33967.38    
          18          19   38999.24    
          18          23   36208.43    
          19          18   41126.22    
          19          20   35477.85    
          19          21   29770.50    
          19          22   30393.53    
          20          17   32944.22    
          20          19   29445.11    
          20          21   56646.55    
          21          19   44482.88    
          21          20   38691.35    
          21          22   8512.824    
          22          19   23840.87    
          22          21   5270.005    
          22          23   38063.04    
          23          18   24791.21    
          23          22   28267.56    
          23          24   44217.22    
          23          43   24963.19    
          24          16   29741.64    
          24          23   32533.81    
          24          25   42171.57    
          24          43   30884.52    
          25          15   30176.75    
          25          24   37268.54    
          25          26   39322.21    
          25          42   26073.00    
          26          13   24810.88    
          26          25   39071.47    
          26          27   54030.00    
          26          41   22609.06    
          27          12   35433.46    
          27          26   34616.18    
          27          28   45011.74    
          27          40   39545.75    
          28          11   27108.09    
          28          27   42660.09    
          28          29   61770.61    
          28          39   38422.29    
          29          10   38255.98    
          29          28   26958.06    
          29          30   63134.54    
          29          38   18525.38    
          30           9   29302.57    
          30          29   26007.73    
          30          31   54178.05    
          30          37   49182.73    
          31           8   30723.44    
          31          30   25597.21    
          31          32   40437.06    
          32           7   36269.72    
          32          31   18294.71    
          37          30   44386.57    
          37          38   58071.96    
          38          29   39047.18    
          38          37   53275.80    
          38          39   26340.21    
          39          28   58316.09    
          39          38   42065.84    
          39          40   6844.933    
          40          27   21860.81    
          40          39   42464.36    
          40          41   20358.66    
          41          26   29504.92    
          41          40   38293.14    
          41          42   15327.34    
          42          25   22565.46    
          42          41   40157.68    
          42          43   19066.52    
          43          23   15433.89    
          43          24   19091.02    
          43          42   40389.32    
_____________________________________________________________________
4						k, Number of the  LAYER
104 						Non_nuls  Quantity of non-zero coefficients
N of the initial PLANAR box 	N of the terminal PLANAR box   Exchange(km3/y)
           4           5   74677.22    
           4           7   48920.08    
           5           4   31192.62    
           5           8   57555.26    
           5           9   53336.75    
           5          10   63551.77    
           7           4   92404.67    
           7           8   111893.2    
           7          32   28894.14    
           8           5   64096.40    
           8           7   135516.5    
           8           9   102403.9    
           8          31   29502.32    
           9           5   49946.70    
           9           8   109854.8    
           9          10   114031.2    
           9          30   50161.00    
          10           5   16916.09    
          10           9   115355.7    
          10          11   181314.5    
          10          29   45617.63    
          11          10   87752.86    
          11          12   98134.07    
          11          28   121257.6    
          12          11   71325.30    
          12          13   131784.2    
          12          27   70402.38    
          13          12   49855.34    
          13          15   100982.8    
          13          26   104864.5    
          15          13   59369.04    
          15          16   132421.5    
          15          25   105232.7    
          16          15   113553.8    
          16          17   72608.05    
          16          18   119244.5    
          16          24   82785.91    
          17          16   68278.10    
          17          18   79273.61    
          17          20   81703.01    
          18          16   80047.16    
          18          17   75785.41    
          18          19   107294.6    
          18          23   106217.2    
          19          18   94802.20    
          19          20   86658.82    
          19          21   54959.46    
          19          22   87721.31    
          20          17   80861.26    
          20          19   75969.27    
          20          21   68957.86    
          21          19   67489.43    
          21          20   57426.55    
          21          22   2488.981    
          22          19   73388.52    
          22          21   3487.639    
          22          23   76514.54    
          23          18   76024.08    
          23          22   63180.40    
          23          24   105299.0    
          23          43   42145.59    
          24          16   107445.5    
          24          23   86482.66    
          24          25   119181.2    
          24          43   56853.95    
          25          15   82486.58    
          25          24   133399.7    
          25          26   103333.9    
          25          42   40044.48    
          26          13   64549.45    
          26          25   90954.93    
          26          27   134377.5    
          26          41   59270.95    
          27          12   125522.4    
          27          26   84818.02    
          27          28   125042.9    
          27          40   43681.92    
          28          11   54504.79    
          28          27   98234.05    
          28          29   149420.9    
          29          10   93868.08    
          29          28   55859.24    
          29          30   112530.0    
          29          38   35186.81    
          30           9   52897.40    
          30          29   67218.84    
          30          31   83842.77    
          31           8   52215.80    
          31          30   41267.97    
          31          32   41770.08    
          32           7   48755.47    
          32          31   21908.75    
          38          29   35186.81    
          40          27   76051.30    
          40          41   43183.30    
          41          26   56136.40    
          41          40   75552.69    
          41          42   22152.31    
          42          25   43895.78    
          42          41   51387.14    
          42          43   30657.75    
          43          23   17434.64    
          43          24   48478.77    
          43          42   63743.87    
_____________________________________________________________________

