**********************************************************************												
*	Non-zero	exchange	coefficients	between	PLANAR	boxes	of	the	regional			
*	model	for	every	PLANAR	layer.							
**********************************************************************												
1	k,	Number	of	the	LAYER							
177	Non_nuls	Quantity	of	non-zero	coefficients							
N	of	the	initial	PLANAR	box	N	of	the	terminal	PLANAR	box	Exchange(km3/y)
           1           2   35000.00    
           2           1   35269.00    
           3           2   759.0000    
           4           3   430.0000    
           4           5   9724.700    
           4           6   885.9026    
           4           7   1102.089    
           5           4   950.2445    
           5           8   2016.048    
           5           9   3364.826    
           5          10   5784.928    
           5          11   1043.197    
           6           4   7308.597    
           6           7   1591.351    
           6          33   1969.140    
           7           4   3883.849    
           7           6   5519.426    
           7           8   2132.833    
           7          32   459.3200    
           8           5   1505.927    
           8           7   3656.060    
           8           9   2900.408    
           8          31   1028.344    
           9           5   1054.132    
           9           8   2231.227    
           9          10   5917.536    
           9          30   855.5801    
          10           5   668.4863    
          10           9   1659.558    
          10          11   10931.24    
          10          29   1118.350    
          11           5   205.9979    
          11          10   858.6887    
          11          12   10881.69    
          11          28   3526.475    
          12          11   2055.060    
          12          13   9409.229    
          12          27   2834.005    
          13          12   1375.481    
          13          14   4390.793    
          13          15   8738.201    
          13          26   1182.935    
          14          13   2741.772    
          14          15   864.4194    
          14          17   8975.247    
          15          13   1718.768    
          15          14   7596.665    
          15          16   3941.623    
          15          25   1552.486    
          16          15   2852.868    
          16          17   2562.176    
          16          18   2577.438    
          16          24   1706.073    
          17          14   593.9795    
          17          16   832.6363    
          17          18   4752.172    
          17          20   8462.688    
          18          16   3030.660    
          18          17   860.6842    
          18          19   4229.684    
          18          23   3006.638    
          19          18   2684.886    
          19          20   1405.474    
          19          21   4868.408    
          19          22   6125.145    
          20          17   2243.370    
          20          19   5547.959    
          20          21   8787.966    
          21          19   4658.644    
          21          20   6711.134    
          21          22   3128.486    
          22          19   647.6243    
          22          21   841.8896    
          22          23   9130.485    
          22          43   417.1096    
          23          18   1113.171    
          23          22   1625.744    
          23          24   7076.386    
          23          43   4512.874    
          24          16   1893.635    
          24          23   941.6547    
          24          25   4931.784    
          24          43   4419.802    
          25          15   2354.053    
          25          24   1433.489    
          25          26   3632.449    
          25          42   3044.536    
          26          13   1817.642    
          26          25   1918.482    
          26          27   3463.411    
          26          41   2158.924    
          27          12   2041.122    
          27          26   2468.967    
          27          28   7123.634    
          27          40   852.0982    
          28          11   1443.359    
          28          27   1652.991    
          28          29   10907.25    
          28          39   1675.985    
          29          10   1816.478    
          29          28   678.0446    
          29          30   12067.82    
          29          38   2397.631    
          30           9   2133.684    
          30          29   311.2390    
          30          31   10374.88    
          30          37   3682.723    
          31           8   2710.631    
          31          30   554.6132    
          31          32   7968.556    
          31          36   2983.161    
          32           7   5645.928    
          32          31   955.2869    
          32          33   4111.338    
          32          35   1476.545    
          33           6   4463.759    
          33          32   2363.979    
          33          34   1185.389    
          34          33   1932.649    
          34          35   1569.512    
          35          32   1381.143    
          35          34   2316.772    
          35          36   1876.493    
          35          44   1416.478    
          36          31   1842.350    
          36          35   2393.115    
          36          37   3486.051    
          36          45   2411.377    
          37          30   3008.412    
          37          36   3409.769    
          37          38   5905.953    
          37          46   1005.446    
          38          29   4607.034    
          38          37   4776.515    
          38          39   2929.997    
          38          47   1237.720    
          39          28   4335.332    
          39          38   3895.099    
          39          40   670.2824    
          39          47   643.4153    
          40          27   4519.313    
          40          39   4120.770    
          40          41   1052.628    
          41          26   2058.008    
          41          40   8170.330    
          41          42   1303.464    
          42          25   2045.675    
          42          41   8320.250    
          42          43   1699.874    
          42          50   114.0000    
          43          22   157.7350    
          43          23   1233.298    
          43          24   1954.828    
          43          42   7703.799    
          44          35   1551.715    
          44          45   1763.121    
          45          36   1863.470    
          45          44   1695.958    
          45          46   3303.848    
          45          48   518.4473    
          46          37   1384.290    
          46          45   2601.635    
          46          47   1751.187    
          46          48   1319.822    
          47          38   1352.584    
          47          39   817.3770    
          47          46   1494.163    
          47          48   198.1313    
          48          45   605.5893    
          48          46   1253.478    
          48          47   229.9336    
          48          49   12.00000    
          49          48   64.60000    
          50          42   128.0000    
          51          49   52.60000    
          52          44   202.4000    
          53          50   14.00000    
_____________________________________________________________________												
2	k,	Number	of	the	LAYER							
149	Non_nuls	Quantity	of	non-zero	coefficients							
N	of	the	initial	PLANAR	box	N	of	the	terminal	PLANAR	box	Exchange(km3/y)
           3           4   161.0000    
           4           5   25789.85    
           4           6   1877.275    
           4           7   7281.500    
           5           4   2193.829    
           5           8   6758.842    
           5           9   9692.100    
           5          10   16319.29    
           5          11   1636.895    
           6           4   19279.14    
           6           7   9237.629    
           6          33   8484.534    
           7           4   13314.65    
           7           6   12300.36    
           7           8   6599.507    
           7          32   9623.630    
           8           5   5124.426    
           8           7   9509.841    
           8           9   5999.645    
           8          31   6043.354    
           9           5   3018.224    
           9           8   5178.006    
           9          10   13662.07    
           9          30   4332.988    
          10           5   2384.248    
          10           9   3912.877    
          10          11   27851.83    
          10          29   3624.182    
          11           5   284.2051    
          11          10   1785.258    
          11          12   24004.65    
          11          28   11744.24    
          12          11   4377.680    
          12          13   20122.40    
          12          27   9315.557    
          13          12   3414.737    
          13          14   10745.44    
          13          15   22421.56    
          13          26   2769.722    
          14          13   10489.77    
          14          15   2729.984    
          14          17   21306.65    
          15          13   3675.826    
          15          14   22577.18    
          15          16   8210.585    
          15          25   4338.401    
          16          15   6713.137    
          16          17   8398.677    
          16          18   5469.512    
          16          24   4353.711    
          17          14   1203.792    
          17          16   2186.080    
          17          18   13611.14    
          17          20   21229.92    
          18          16   9000.938    
          18          17   3519.401    
          18          19   9354.705    
          18          23   8391.786    
          19          18   8020.652    
          19          20   5122.477    
          19          21   12163.21    
          19          22   18219.89    
          20          17   5006.198    
          20          19   17988.30    
          20          21   25170.46    
          21          19   11015.93    
          21          20   21812.56    
          21          22   7900.331    
          22          19   5167.292    
          22          21   3395.154    
          22          23   22036.78    
          22          43   315.0832    
          23          18   3165.528    
          23          22   4475.080    
          23          24   17820.38    
          23          43   12385.14    
          24          16   5537.434    
          24          23   2214.120    
          24          25   11422.33    
          24          43   12374.65    
          25          15   6937.313    
          25          24   3070.523    
          25          26   7962.496    
          25          42   7997.503    
          26          13   5063.458    
          26          25   4026.652    
          26          27   7624.911    
          26          41   5637.076    
          27          12   6396.249    
          27          26   5996.337    
          27          28   16789.61    
          27          40   4212.368    
          28          11   3951.944    
          28          27   4109.143    
          28          29   27680.79    
          28          39   4985.036    
          29          10   6006.520    
          29          28   1023.757    
          29          30   30179.07    
          29          38   7138.684    
          30           9   6586.667    
          30          29   900.3718    
          30          31   26143.33    
          30          37   11435.89    
          31           8   8140.909    
          31          30   1329.370    
          31          32   22573.88    
          31          36   12125.54    
          32           7   15809.18    
          32          31   2134.026    
          32          33   22640.91    
          32          35   1689.658    
          33           6   22823.67    
          33          32   8301.775    
          35          32   1790.596    
          35          36   1528.189    
          36          31   9865.092    
          36          35   1629.127    
          36          37   13673.05    
          37          30   9240.936    
          37          36   11513.53    
          37          38   14314.24    
          37          46   1208.572    
          38          29   12158.78    
          38          37   10170.03    
          38          39   6791.787    
          38          47   1630.657    
          39          28   11185.42    
          39          38   7603.662    
          39          40   1750.415    
          39          47   481.7218    
          40          27   12361.05    
          40          39   8616.424    
          40          41   2627.600    
          41          26   5639.642    
          41          40   17642.29    
          41          42   2492.034    
          42          25   6196.554    
          42          41   17509.29    
          42          43   3781.303    
          43          22   319.0065    
          43          23   5219.536    
          43          24   6320.023    
          43          42   16997.61    
          46          37   998.3096    
          46          47   775.0452    
          47          38   1694.669    
          47          39   627.9722    
          47          46   564.7826    
_____________________________________________________________________												
3	k,	Number	of	the	LAYER							
128	Non_nuls	Quantity	of	non-zero	coefficients							
N	of	the	initial	PLANAR	box	N	of	the	terminal	PLANAR	box	Exchange(km3/y)
           4           5   35859.42    
           4           6   7212.882    
           4           7   9690.291    
           5           4   12897.71    
           5           8   10276.29    
           5           9   15967.07    
           5          10   18059.63    
           5          11   830.3018    
           6           4   18019.64    
           6           7   31040.86    
           7           4   21845.23    
           7           6   41847.62    
           7           8   14087.96    
           7          32   11554.99    
           8           5   8873.160    
           8           7   27169.74    
           8           9   20743.61    
           8          31   6224.130    
           9           5   5887.980    
           9           8   22302.76    
           9          10   28893.83    
           9          30   6596.393    
          10           5   7185.009    
          10           9   14279.82    
          10          11   51821.05    
          10          29   3472.426    
          11           5   225.4361    
          11          10   11306.56    
          11          12   38989.87    
          11          28   24145.30    
          12          11   12172.86    
          12          13   24923.61    
          12          27   25811.70    
          13          12   12751.60    
          13          14   11338.79    
          13          15   35088.26    
          13          26   5729.755    
          14          13   8429.517    
          14          15   9712.445    
          14          17   25387.65    
          15          13   11278.97    
          15          14   27775.79    
          15          16   23916.66    
          15          25   8476.938    
          16          15   14093.24    
          16          17   13958.73    
          16          18   25262.00    
          16          24   4118.417    
          17          14   4415.033    
          17          16   4549.089    
          17          18   22633.45    
          17          20   28902.10    
          18          16   13673.62    
          18          17   5070.032    
          18          19   30006.89    
          18          23   21137.37    
          19          18   16389.23    
          19          20   5180.132    
          19          21   28360.59    
          19          22   30533.51    
          20          17   16083.26    
          20          19   30589.76    
          20          21   21140.42    
          21          19   12777.60    
          21          20   33731.21    
          21          22   5578.261    
          22          19   7089.207    
          22          21   2586.061    
          22          23   36592.45    
          22          43   55.62324    
          23          18   5603.231    
          23          22   10176.19    
          23          24   53091.42    
          23          43   10339.46    
          24          16   15293.02    
          24          23   11411.52    
          24          25   34526.60    
          24          43   14440.07    
          25          15   12554.42    
          25          24   9923.568    
          25          26   28076.81    
          25          42   11273.86    
          26          13   20276.30    
          26          25   11231.70    
          26          27   19560.03    
          26          41   9445.909    
          27          12   11166.70    
          27          26   18260.26    
          27          28   37155.50    
          27          40   6552.567    
          28          11   9842.953    
          28          27   13321.80    
          28          29   46576.98    
          28          39   19777.61    
          29          10   18498.28    
          29          28   8461.164    
          29          30   34682.76    
          29          38   14086.30    
          30           9   12690.47    
          30          29   14187.44    
          30          31   35899.63    
          30          37   22177.39    
          31           8   16343.63    
          31          30   15900.21    
          31          32   26101.03    
          32           7   21434.91    
          32          31   16221.11    
          37          30   27775.56    
          37          38   20824.97    
          38          29   11491.66    
          38          37   26423.14    
          38          39   16401.57    
          39          28   19757.38    
          39          38   19405.11    
          39          40   6710.057    
          40          27   14441.50    
          40          39   9693.362    
          40          41   10213.28    
          41          26   8447.114    
          41          40   21085.52    
          41          42   7921.444    
          42          25   7593.414    
          42          41   17794.89    
          42          43   12941.01    
          43          22   35.38145    
          43          23   10068.96    
          43          24   8537.811    
          43          42   19134.01    
_____________________________________________________________________												
4	k,	Number	of	the	LAYER							
104	Non_nuls	Quantity	of	non-zero	coefficients							
N	of	the	initial	PLANAR	box	N	of	the	terminal	PLANAR	box	Exchange(km3/y)
           4           5   22921.89    
           4           7   13483.02    
           5           4   10795.47    
           5           8   15263.83    
           5           9   15220.94    
           5          10   14971.57    
           7           4   25609.45    
           7           8   21219.77    
           7          32   19585.72    
           8           5   7966.954    
           8           7   35225.40    
           8           9   56906.53    
           8          31   12927.50    
           9           5   16110.40    
           9           8   51310.13    
           9          10   41346.59    
           9          30   30535.04    
          10           5   9252.570    
          10           9   44655.41    
          10          11   82973.25    
          10          29   12804.43    
          11          10   38267.75    
          11          12   48095.73    
          11          28   46904.22    
          12          11   23499.12    
          12          13   24529.63    
          12          27   63465.67    
          13          12   33449.46    
          13          15   73623.54    
          13          26   17890.94    
          15          13   22010.46    
          15          16   67293.10    
          15          25   36770.21    
          16          15   27895.78    
          16          17   29363.72    
          16          18   67279.47    
          16          24   13938.51    
          17          16   13006.92    
          17          18   36942.32    
          17          20   33218.18    
          18          16   22595.32    
          18          17   19004.34    
          18          19   82916.57    
          18          23   45860.29    
          19          18   44235.62    
          19          20   28410.30    
          19          21   35997.44    
          19          22   57279.61    
          20          17   34799.36    
          20          19   44641.72    
          20          21   15478.89    
          21          19   18317.40    
          21          20   33291.48    
          21          22   767.6797    
          22          19   20047.29    
          22          21   900.2265    
          22          23   51866.73    
          23          18   21919.12    
          23          22   14766.95    
          23          24   129282.5    
          23          43   7040.624    
          24          16   35582.14    
          24          23   64403.30    
          24          25   75930.67    
          24          43   16704.38    
          25          15   24554.45    
          25          24   35339.29    
          25          26   87349.29    
          25          42   12249.01    
          26          13   78423.85    
          26          25   34589.63    
          26          27   36943.35    
          26          41   24022.39    
          27          12   29949.23    
          27          26   54655.85    
          27          28   68095.94    
          27          40   14748.89    
          28          11   26795.33    
          28          27   43499.32    
          28          29   77346.18    
          29          10   55099.75    
          29          28   32640.67    
          29          30   37543.65    
          29          38   13957.11    
          30           9   22519.28    
          30          29   35133.46    
          30          31   29967.16    
          31           8   25232.65    
          31          30   19541.21    
          31          32   12510.56    
          32           7   17706.52    
          32          31   14389.76    
          38          29   13957.11    
          40          27   23541.55    
          40          41   16159.26    
          41          26   14083.16    
          41          40   24951.92    
          41          42   10573.15    
          42          25   12201.52    
          42          41   9426.580    
          42          43   15154.09    
          43          23   10878.88    
          43          24   14060.18    
          43          42   13960.03    
_____________________________________________________________________												
