 Characteristics of the basin structure (basin GEOMETRY)
Planar box number   Depth(m)       Volume(m3)
           1   1.43E+03      3.58E+15    
           2   4.77E+02      7.40E+13    
           3   3.50E+02      4.00E+12    
           4   729.4031      9.4407282E+12
           5   1243.151      2.0573086E+13
           6   539.8044      5.9703459E+12
           7   1860.867      1.6967711E+13
           8   1862.250      1.6980330E+13
           9   1862.250      1.6980330E+13
          10   1852.505      1.6891473E+13
          11   1535.471      1.4204078E+13
          12   1339.816      1.2584314E+13
          13   1709.839      1.5525968E+13
          14   453.3417      3.8534379E+12
          15   1737.017      1.5838428E+13
          16   1862.250      1.6980330E+13
          17   1417.333      2.5822077E+13
          18   1862.250      1.6980330E+13
          19   1847.857      1.6849092E+13
          20   1444.938      3.1455961E+13
          21   1121.839      1.4416688E+13
          22   1246.373      8.9274513E+12
          23   1783.402      1.5998713E+13
          24   1862.251      1.6706066E+13
          25   1862.251      1.6706066E+13
          26   1862.251      1.6706066E+13
          27   1862.251      1.6706066E+13
          28   1861.434      1.6698733E+13
          29   1843.427      1.6537199E+13
          30   1683.640      1.5103761E+13
          31   1172.192      1.0515615E+13
          32   657.5192      5.8985373E+12
          33   124.2465      7.1692039E+11
          34   24.53179      3.8677049E+10
          35   45.57100      3.4980682E+11
          36   98.82672      8.7173916E+11
          37   612.5767      5.4034684E+12
          38   963.1862      8.4961547E+12
          39   595.4480      3.6739681E+12
          40   1316.216      7.4861694E+12
          41   1122.463      9.6679829E+12
          42   858.1625      7.9787002E+12
          43   1256.785      1.1302164E+13
          44   18.43050      3.3625504E+10
          45   24.98373      2.2052158E+11
          46   40.62786      3.5217034E+11
          47   33.42069      3.6308720E+11
          48   16.42475      8.6864241E+10
          49   6.3           7.87E+09         ! Dnieper-Buh Estuary
          50   7.5           2.56E+11         ! Azov Sea
          51   12.0          5.00E+08         ! Dnieper River
          52   12.0          5.00E+08         ! Danube River
          53   12.0          5.00E+08         ! Don River
       4			IHmax, Horizontal layer quantity
Number of the layer         Depth of the layer (m)
1							 25 
2							100 
3							500
4                                                      2000
       42                    Ndivbox
Numbers of the boxes being devided into the horizontal layers:
3
4
5
6
7
8
9
10
11
12
13
14
15
16
17
18
19
20
21
22
23
24
25
26
27
28
29
30
31
32
33
35
36
37
38
39
40
41
42
43
46
47
