**********************************************************************												
*	Non-zero	exchange	coefficients	between	PLANAR	boxes	of	the	regional			
*	model	for	every	PLANAR	layer.							
**********************************************************************												
1	k,	Number	of	the	LAYER							
177	Non_nuls	Quantity	of	non-zero	coefficients							
N	of	the	initial	PLANAR	box	N	of	the	terminal	PLANAR	box	Exchange(km3/y)
           1           2   35000.00    
           2           1   35269.00    
           3           2   759.0000    
           4           3   430.0000    
           4           5   9008.953    
           4           6   1407.770    
           4           7   737.3863    
           5           4   729.2469    
           5           8   2100.542    
           5           9   3481.664    
           5          10   4938.852    
           5          11   867.9618    
           6           4   6726.436    
           6           7   1495.052    
           6          33   2061.442    
           7           4   4128.429    
           7           6   5408.324    
           7           8   1769.151    
           7          32   621.3929    
           8           5   1175.984    
           8           7   4120.826    
           8           9   2498.685    
           8          31   1063.667    
           9           5   788.3156    
           9           8   2246.489    
           9          10   5731.598    
           9          30   1022.249    
          10           5   889.2443    
          10           9   1391.980    
          10          11   9777.337    
          10          29   1655.957    
          11           5   255.7711    
          11          10   1339.937    
          11          12   10492.21    
          11          28   1360.080    
          12          11   1018.517    
          12          13   10163.95    
          12          27   1689.822    
          13          12   622.4792    
          13          14   4382.791    
          13          15   8901.171    
          13          26   838.6125    
          14          13   1744.776    
          14          15   1345.922    
          14          17   6950.953    
          15          13   236.4093    
          15          14   4679.175    
          15          16   4901.924    
          15          25   2907.111    
          16          15   1626.922    
          16          17   3540.498    
          16          18   2301.298    
          16          24   4010.395    
          17          14   979.6844    
          17          16   975.6162    
          17          18   5603.287    
          17          20   6208.648    
          18          16   4587.665    
          18          17   747.5844    
          18          19   4358.646    
          18          23   4007.840    
          19          18   3940.785    
          19          20   2291.571    
          19          21   3581.036    
          19          22   4152.367    
          20          17   2528.201    
          20          19   3729.457    
          20          21   7515.742    
          21          19   4115.098    
          21          20   5273.180    
          21          22   2616.554    
          22          19   1762.557    
          22          21   908.0554    
          22          23   6164.690    
          22          43   540.2397    
          23          18   1856.366    
          23          22   2503.899    
          23          24   5010.016    
          23          43   3628.760    
          24          16   1013.907    
          24          23   1815.600    
          24          25   4507.459    
          24          43   4056.649    
          25          15   850.6048    
          25          24   1471.372    
          25          26   5219.778    
          25          42   2345.855    
          26          13   2599.921    
          26          25   1084.002    
          26          27   5210.985    
          26          41   1227.225    
          27          12   1757.598    
          27          26   2055.344    
          27          28   6567.018    
          27          40   1461.375    
          28          11   1784.181    
          28          27   1650.245    
          28          29   7561.289    
          28          39   1453.381    
          29          10   1704.132    
          29          28   1165.870    
          29          30   9038.773    
          29          38   1927.900    
          30           9   2416.322    
          30          29   817.4100    
          30          31   8052.402    
          30          37   2863.867    
          31           8   2742.980    
          31          30   828.1360    
          31          32   7428.862    
          31          36   1624.750    
          32           7   5574.032    
          32          31   665.1194    
          32          33   3585.810    
          32          35   1727.346    
          33           6   3466.836    
          33          32   2346.793    
          33          34   1443.733    
          34          33   1610.110    
          34          35   1817.575    
          35          32   1139.159    
          35          34   1983.952    
          35          36   1957.695    
          35          44   1455.124    
          36          31   2827.439    
          36          35   1642.913    
          36          37   2261.397    
          36          45   2434.591    
          37          30   3244.742    
          37          36   3987.120    
          37          38   4249.617    
          37          46   868.6431    
          38          29   3785.918    
          38          37   5804.248    
          38          39   2155.182    
          38          47   1078.766    
          39          28   3340.028    
          39          38   4721.742    
          39          40   413.3758    
          39          47   823.9372    
          40          27   3274.182    
          40          39   5064.796    
          40          41   1611.964    
          41          26   1992.298    
          41          40   8076.192    
          41          42   1181.212    
          42          25   1372.938    
          42          41   8410.513    
          42          43   1541.326    
          42          50   114.0000    
          43          22   102.7224    
          43          23   994.8106    
          43          24   885.7322    
          43          42   7783.709    
          44          35   1348.096    
          44          45   1755.851    
          45          36   1596.775    
          45          44   1446.423    
          45          46   3357.908    
          45          48   504.6126    
          46          37   1420.611    
          46          45   2167.313    
          46          47   1765.968    
          46          48   1381.126    
          47          38   1924.854    
          47          39   625.7247    
          47          46   1233.833    
          47          48   167.7216    
          48          45   547.9636    
          48          46   1274.634    
          48          47   283.4625    
          48          49   12.00000    
          49          48   64.60000    
          50          42   128.0000    
          51          49   52.60000    
          52          44   202.4000    
          53          50   14.00000    
_____________________________________________________________________												
2	k,	Number	of	the	LAYER							
149	Non_nuls	Quantity	of	non-zero	coefficients							
N	of	the	initial	PLANAR	box	N	of	the	terminal	PLANAR	box	Exchange(km3/y)
           3           4   161.0000    
           4           5   29719.74    
           4           6   2226.150    
           4           7   8284.803    
           5           4   1528.219    
           5           8   7407.178    
           5           9   13015.43    
           5          10   15478.70    
           5          11   1360.129    
           6           4   24912.66    
           6           7   11146.75    
           6          33   5628.116    
           7           4   13628.81    
           7           6   11957.21    
           7           8   4756.362    
           7          32   14778.76    
           8           5   4049.358    
           8           7   10230.03    
           8           9   6270.299    
           8          31   5042.136    
           9           5   2254.385    
           9           8   6248.146    
           9          10   14474.55    
           9          30   5927.846    
          10           5   2360.626    
          10           9   2873.522    
          10          11   26755.80    
          10          29   5316.081    
          11           5   405.5461    
          11          10   2423.553    
          11          12   26501.07    
          11          28   4841.229    
          12          11   1977.734    
          12          13   23422.80    
          12          27   6137.686    
          13          12   1548.338    
          13          14   10058.95    
          13          15   20778.03    
          13          26   2353.366    
          14          13   5455.044    
          14          15   3864.520    
          14          17   15055.80    
          15          13   357.9769    
          15          14   12510.10    
          15          16   8685.192    
          15          25   10006.35    
          16          15   4583.694    
          16          17   10313.63    
          16          18   3759.492    
          16          24   10921.25    
          17          14   1806.318    
          17          16   3019.241    
          17          18   17527.91    
          17          20   14012.80    
          18          16   13964.72    
          18          17   3802.395    
          18          19   9856.505    
          18          23   11381.93    
          19          18   11229.47    
          19          20   6819.923    
          19          21   8900.015    
          19          22   11197.87    
          20          17   7194.442    
          20          19   12399.35    
          20          21   16606.55    
          21          19   8216.743    
          21          20   15367.62    
          21          22   5276.930    
          22          19   7674.682    
          22          21   3354.728    
          22          23   13066.20    
          22          43   426.9010    
          23          18   6488.674    
          23          22   7828.412    
          23          24   11182.05    
          23          43   8167.223    
          24          16   3908.909    
          24          23   5134.859    
          24          25   8944.850    
          24          43   11760.07    
          25          15   2333.371    
          25          24   4523.249    
          25          26   11896.98    
          25          42   6048.601    
          26          13   5502.863    
          26          25   1878.438    
          26          27   11785.51    
          26          41   3382.089    
          27          12   3488.814    
          27          26   3541.833    
          27          28   17148.79    
          27          40   3938.794    
          28          11   4077.739    
          28          27   2389.000    
          28          29   21272.64    
          28          39   3715.204    
          29          10   4929.229    
          29          28   1515.578    
          29          30   24481.21    
          29          38   5541.493    
          30           9   6745.676    
          30          29   1211.578    
          30          31   19612.50    
          30          37   11976.57    
          31           8   7180.136    
          31          30   1575.959    
          31          32   24506.98    
          31          36   8035.950    
          32           7   15459.55    
          32          31   1557.604    
          32          33   27804.53    
          32          35   1759.478    
          33           6   27504.17    
          33          32   5928.472    
          35          32   1383.059    
          35          36   1791.916    
          36          31   15102.88    
          36          35   1415.497    
          36          37   9331.949    
          37          30   7577.410    
          37          36   16022.46    
          37          38   10355.68    
          37          46   1147.961    
          38          29   8683.310    
          38          37   12702.40    
          38          39   4424.926    
          38          47   1480.037    
          39          28   7965.082    
          39          38   9404.817    
          39          40   851.6003    
          39          47   794.1789    
          40          27   7822.132    
          40          39   10534.65    
          40          41   2877.400    
          41          26   4772.821    
          41          40   16443.79    
          41          42   1744.147    
          42          25   3988.668    
          42          41   16701.27    
          42          43   3044.447    
          43          22   219.2986    
          43          23   4099.470    
          43          24   3138.240    
          43          42   15941.63    
          46          37   1092.592    
          46          47   762.6780    
          47          38   1988.686    
          47          39   340.8991    
          47          46   707.3088    
_____________________________________________________________________												
3	k,	Number	of	the	LAYER							
128	Non_nuls	Quantity	of	non-zero	coefficients							
N	of	the	initial	PLANAR	box	N	of	the	terminal	PLANAR	box	Exchange(km3/y)
           4           5   51271.39    
           4           6   12196.31    
           4           7   5156.532    
           5           4   9299.543    
           5           8   15313.69    
           5           9   26038.93    
           5          10   22890.46    
           5          11   671.5807    
           6           4   32451.45    
           6           7   23853.43    
           7           4   26873.23    
           7           6   44108.57    
           7           8   11638.74    
           7          32   9194.040    
           8           5   11552.59    
           8           7   41071.59    
           8           9   20721.84    
           8          31   7157.368    
           9           5   6870.323    
           9           8   41096.08    
           9          10   31760.12    
           9          30   7398.935    
          10           5   4284.300    
          10           9   20280.96    
          10          11   59066.20    
          10          29   3031.545    
          11           5   235.5918    
          11          10   9350.332    
          11          12   56870.26    
          11          28   9945.471    
          12          11   3892.948    
          12          13   40206.18    
          12          27   22874.45    
          13          12   5319.301    
          13          14   11326.91    
          13          15   37044.49    
          13          26   7527.797    
          14          13   6089.669    
          14          15   12838.59    
          14          17   19587.28    
          15          13   5724.694    
          15          14   21447.90    
          15          16   19656.82    
          15          25   25932.77    
          16          15   19985.91    
          16          17   18023.87    
          16          18   20227.27    
          16          24   15257.17    
          17          14   5740.725    
          17          16   8379.993    
          17          18   31810.25    
          17          20   23229.89    
          18          16   32046.12    
          18          17   7191.229    
          18          19   28947.58    
          18          23   20559.65    
          19          18   26393.56    
          19          20   10542.66    
          19          21   24965.24    
          19          22   18435.23    
          20          17   24358.48    
          20          19   22673.48    
          20          21   21242.63    
          21          19   12239.53    
          21          20   34502.04    
          21          22   3783.705    
          22          19   16476.11    
          22          21   4317.396    
          22          23   20666.58    
          22          43   51.72689    
          23          18   10313.51    
          23          22   19255.07    
          23          24   34791.65    
          23          43   6206.625    
          24          16   13411.28    
          24          23   17692.01    
          24          25   24339.04    
          24          43   18941.60    
          25          15   2893.201    
          25          24   18612.46    
          25          26   29321.40    
          25          42   11511.81    
          26          13   9197.954    
          26          25   5819.321    
          26          27   29836.54    
          26          41   9694.364    
          27          12   4784.017    
          27          26   10803.05    
          27          28   45698.79    
          27          40   10065.73    
          28          11   12770.92    
          28          27   7332.759    
          28          29   48321.76    
          28          39   14322.74    
          29          10   22662.10    
          29          28   7362.583    
          29          30   35134.77    
          29          38   8114.577    
          30           9   20083.72    
          30          29   12535.95    
          30          31   26665.27    
          30          37   13178.95    
          31           8   12454.88    
          31          30   8828.762    
          31          32   24387.14    
          32           7   21733.03    
          32          31   11848.15    
          37          30   21101.43    
          37          38   17047.70    
          38          29   9384.768    
          38          37   24970.18    
          38          39   12025.49    
          39          28   19741.34    
          39          38   21218.16    
          39          40   2687.279    
          40          27   11307.84    
          40          39   17298.55    
          40          41   10376.00    
          41          26   6895.932    
          41          40   26229.38    
          41          42   7460.337    
          42          25   6247.742    
          42          41   20515.29    
          42          43   10998.82    
          43          22   37.80072    
          43          23   11648.61    
          43          24   5722.654    
          43          42   18789.70    
_____________________________________________________________________												
4	k,	Number	of	the	LAYER							
104	Non_nuls	Quantity	of	non-zero	coefficients							
N	of	the	initial	PLANAR	box	N	of	the	terminal	PLANAR	box	Exchange(km3/y)
           4           5   36557.95    
           4           7   15498.02    
           5           4   12115.38    
           5           8   25984.99    
           5           9   21625.17    
           5          10   27905.34    
           7           4   39940.58    
           7           8   44645.84    
           7          32   18155.40    
           8           5   21465.93    
           8           7   69739.72    
           8           9   70182.62    
           8          31   11610.73    
           9           5   24689.78    
           9           8   75654.29    
           9          10   62446.91    
           9          30   27612.89    
          10           5   4917.230    
          10           9   64858.96    
          10          11   104589.8    
          10          29   19729.58    
          11          10   38019.25    
          11          12   88755.92    
          11          28   39515.32    
          12          11   16428.78    
          12          13   48273.29    
          12          27   67527.80    
          13          12   27740.30    
          13          15   47160.88    
          13          26   26964.55    
          15          13   22261.16    
          15          16   37385.71    
          15          25   53877.15    
          16          15   52559.02    
          16          17   36639.55    
          16          18   74023.13    
          16          24   24761.88    
          17          16   27932.24    
          17          18   69188.48    
          17          20   42333.36    
          18          16   62694.58    
          18          17   44068.57    
          18          19   97570.78    
          18          23   46688.59    
          19          18   62982.06    
          19          20   50102.91    
          19          21   48016.24    
          19          22   50155.08    
          20          17   58745.95    
          20          19   46584.38    
          20          21   42050.85    
          21          19   35710.96    
          21          20   54944.91    
          21          22   590.2766    
          22          19   31390.16    
          22          21   1179.057    
          22          23   43049.15    
          23          18   44828.87    
          23          22   24873.02    
          23          24   114694.2    
          23          43   8223.395    
          24          16   59971.06    
          24          23   91671.21    
          24          25   66511.73    
          24          43   26240.76    
          25          15   13804.11    
          25          24   90491.15    
          25          26   49324.34    
          25          42   12165.74    
          26          13   31331.29    
          26          25   32169.53    
          26          27   61855.99    
          26          41   25551.16    
          27          12   15733.63    
          27          26   54949.39    
          27          28   99843.18    
          27          40   22372.48    
          28          11   45271.93    
          28          27   27516.04    
          28          29   90696.15    
          29          10   65724.06    
          29          28   24125.62    
          29          30   46195.55    
          29          38   11949.41    
          30           9   33737.12    
          30          29   25619.50    
          30          31   28791.59    
          31           8   26713.87    
          31          30   14339.76    
          31          32   10851.66    
          32           7   17504.09    
          32          31   11502.97    
          38          29   11949.41    
          40          27   35998.87    
          40          41   15489.94    
          41          26   19669.67    
          41          40   29116.33    
          41          42   8872.042    
          42          25   13226.94    
          42          41   16616.94    
          42          43   12460.19    
          43          23   11210.57    
          43          24   14447.49    
          43          42   21266.29    
_____________________________________________________________________												
